
SDAT;
125;
29999999;
120000;
00000000000000000000000000000000;
00000010000000000000000000610500;
00000000000000000000000000610750;
00000010000000000000000000612500;
00000000000000000000000000612750;
00000010000000000000000000613000;
00000000000000000000000001052500;
00000010000000000000000001054000;
00000000000000000000000001054250;
00000010000000000000000001054500;
00000000000000000000000001055750;
00000010000000000000000001892750;
00000000000000000000000001893000;
00000010000000000000000001893500;
00000000000000000000000001893750;
00000010000000000000000001894750;
00000000000000000000000001895250;
00000010000000000000000001895500;
00000000000000000000000001895750;
00000010000000000000000001896000;
00000000000000000000000001896750;
00000010000000000000000001897000;
00000000000000000000000001897500;
00000010000000000000000001897750;
00000000000000000000000002637500;
00000010000000000000000002637750;
00000000000000000000000002638750;
00000010000000000000000002639000;
00000000000000000000000002639250;
00000010000000000000000002640000;
00000000000000000000000002640750;
00000010000000000000000002641750;
00000000000000000000000002642500;
00000010000000000000000002642750;
00000000000000000000000002643250;
00000010000000000000000003392500;
00000000000000000000000003392750;
00000010000000000000000003393250;
00000000000000000000000003393500;
00000010000000000000000003394750;
00000000000000000000000003395000;
00000010000000000000000003395250;
00000000000000000000000003395500;
00000010000000000000000003396000;
00000000000000000000000003895250;
00000010000000000000000003895500;
00000000000000000000000003896500;
00000010000000000000000003896750;
00000000000000000000000003897000;
00000010000000000000000004584500;
00000000000000000000000004584750;
00000010000000000000000004585000;
00000000000000000000000004585750;
00000010000000000000000004586000;
00000000000000000000000004586500;
00000010000000000000000004586750;
00000000000000000000000005069500;
00000010000000000000000005070500;
00000000000000000000000005070750;
00000010000000000000000005071000;
00000000000000000000000005071250;
00000010000000000000000005775500;
00000000000000000000000005776250;
00000010000000000000000005776500;
00000000000000000000000005776750;
00000010000000000000000005777500;
00000000000000000000000005778000;
00000010000000000000000005778250;
00000000000000000000000006291750;
00000010000000000000000006292000;
00000000000000000000000006292250;
00000010000000000000000006292500;
00000000000000000000000006292750;
00000010000000000000000007009000;
00000000000000000000000007009500;
00000010000000000000000007010250;
00000000000000000000000007447500;
00000010000000000000000007447750;
00000000000000000000000007448250;
00000010000000000000000008199750;
00000000000000000000000008200250;
00000010000000000000000008200500;
00000000000000000000000008587500;
00000010000000000000000008587750;
00000000000000000000000008589750;
00000010000000000000000008591000;
00000000000000000000000008591250;
00000010000000000000000009673750;
00000000000000000000000009674500;
00000010000000000000000009675250;
00000000000000000000000009675500;
00000010000000000000000009676500;
00000000000000000000000009676750;
00000010000000000000000009677250;
00000000000000000000000010052750;
00000010000000000000000010053000;
00000000000000000000000010053500;
00000010000000000000000010053750;
00000000000000000000000010054250;
00000010000000000000000010054500;
00000000000000000000000010055000;
00000010000000000000000010055750;
00000000000000000000000010056250;
00000010000000000000000010961500;
00000000000000000000000010962250;
00000010000000000000000010963250;
00000000000000000000000010963500;
00000010000000000000000010964000;
00000000000000000000000010964750;
00000010000000000000000010965000;
00000000000000000000000010965250;
00000010000000000000000010965500;
00000000000000000000000011408750;
00000010000000000000000011409000;
00000000000000000000000011409500;
00000010000000000000000011410000;
00000000000000000000000011410250;
00000010000000000000000011410500;
00000000000000000000000011410750;
00000010000000000000000011411250;
00000000000000000000000011411500;
00000010000000000000000011411750;
00000000000000000000000011412250;
00000010000000000000000011412750;
00000000000000000000000011413500;
EDAT;
                                                                         